100044752
100044753
100044754
100044755
100044756
100044757
100044758
100044759
100044760
100044761
100044762
100044763
100044764
100044765
100044766
100044767
100044768
100044565
100044769
100044770
100044771
100044772
100044773
100044774
100044775
100044776
100044777
100044778
100044779
100044780
100044781
100044782
100044783
100044784
100044785
100044786
100044787
100044788
100044789
100044790
100044791
100044792
100044793
100044794
100044795
100044796
100044797
100044798
100044799
100044800
100044801
100044802
100044803
100044804
100044805
100044806
100044807
100044808
100044809
100044810
100044811
100044812
100044813
100044814
100044815
100044816
100044817
100044818
100044819
100044820
100044821
100044822
100044823
100044824
100044825
100044826
100044827